               -157.0529815990
         -0.001615531      -0.000179862       0.000000000
         -0.000179863      -0.001266956       0.000000000
         -0.000000000      -0.000000000      -0.000000034
          23
  1     8       0.529018993       1.118619490       0.000000000  O
  1     8       0.046288718      -0.411271738       0.000000000  O
  2     6      -1.584525353      -2.148082767      -0.000000000  C
  2     6       2.265289503       1.518261490      -0.000000000  C
  2     6      -0.147086454      -0.993655715      -0.000000000  C
  2     6      -1.793138509       0.554950922       0.000000000  C
  2     6      -0.178401084       1.650881774      -0.000000000  C
  2     6       0.049578354      -0.439270710      -0.000000000  C
  2     6       0.888395966       0.369949442       0.000000000  C
  3     1      -0.129517795       0.075885518       0.000000000  H
  3     1      -0.216768910       0.272947506      -0.000000000  H
  3     1       0.433946579       0.906779315       0.000000000  H
  3     1       1.636377470       2.023825921       0.000000000  H
  3     1      -0.124175171      -0.190037297       0.000000000  H
  3     1      -0.252645558       0.734926056       0.000000000  H
  3     1      -0.229420571       0.177285999      -0.000000000  H
  3     1      -0.391066275      -0.099712804       0.000000000  H
  3     1      -0.123776502      -0.359988289      -0.000000000  H
  3     1      -0.024148690      -2.294049400       0.000000000  H
  3     1      -1.224663798      -2.727083393      -0.000000000  H
  3     1       0.199545794      -0.187364441       0.000000000  H
  3     1       0.293150164       0.138389962      -0.000000000  H
  3     1       0.077350777       0.307499918      -0.000000000  H
